


hit index// stereo angles (*itH)->dxDy()//weight (*itH)->w()//(*itH)->z()-m_geoTool->rReference // track.delta(*iH) // track.distance(*itH)
 For a new Track : 
 1 0 51.0204 887.4 0 0.303085
 2 0 82.6446 702.6 0 0.111755
 3 0 82.6446 202.4 0 0.15889
 4 0 82.6446 17.5996 0 -0.111099
 5 0 51.0204 -479.6 0 -1.46809
 6 0 51.0204 -664.4 0 -2.25277
 7 -0.0874939 82.6446 140.8 -1.55912 0.136414
 8 0.0874939 82.6446 79.2002 -0.942972 -0.0825043
 9 -0.0874863 51.0204 -541.2 19.2941 -1.68797
 10 0.0874939 51.0204 764.2 3.03314 0.265381
 11 0.0874863 156.25 -602.8 -21.8948 -1.9155
 12 -0.0874939 51.0204 825.8 -1.17108 0.102463
 For a new Track : 
 1 0 51.0204 887.4 0 0.203461
 2 0 82.6446 702.6 0 -0.161743
 3 0 82.6446 202.4 0 0.019989
 4 0 82.6446 17.5996 0 0.0232849
 5 0 51.0204 -479.6 0 0.00050354
 6 0 51.0204 -664.4 0 -0.0656586
 7 -0.0874939 82.6446 140.8 2.5218 -0.220642
 8 0.0874939 82.6446 79.2002 3.43129 0.300217
 9 -0.0874863 51.0204 -541.2 10.5174 -0.920128
 10 0.0874939 51.0204 764.2 -2.79508 -0.244553
 11 0.0874863 156.25 -602.8 11.4597 1.00256
 12 -0.0874939 51.0204 825.8 -3.0797 0.269455
 For a new Track : 
 1 0 51.0204 887.4 0 0.187042
 2 0 82.6446 702.6 0 -0.170029
 3 0 82.6446 202.4 0 0.0291748
 4 0 82.6446 17.5996 0 0.0372467
 5 0 51.0204 -479.6 0 0.0228043
 6 0 51.0204 -664.4 0 -0.0419235
 7 -0.0874939 82.6446 140.8 2.39745 -0.209763
 8 0.0874939 82.6446 79.2002 3.57377 0.312683
 9 -0.0874863 51.0204 -541.2 10.256 -0.897255
 10 0.0874939 51.0204 764.2 -2.9196 -0.255447
 11 0.0874863 156.25 -602.8 11.7266 1.02592
 12 -0.0874939 51.0204 825.8 -2.92431 0.255859
 For a new Track : 
 1 0 51.0204 887.4 0 0.135895
 2 0 82.6446 702.6 0 -0.154724
 3 0 82.6446 202.4 0 0.0648804
 4 0 82.6446 17.5996 0 0.0216217
 5 0 51.0204 -479.6 0 -0.288689
 6 0 51.0204 -664.4 0 -0.522026
 7 -0.0874939 82.6446 140.8 -1.24276 0.108734
 8 0.0874939 82.6446 79.2002 -0.40722 -0.0356293
 9 -0.0874863 51.0204 -541.2 3.82166 -0.334343
 10 0.0874939 51.0204 764.2 0.244681 0.0214081
 11 0.0874863 156.25 -602.8 -4.32624 -0.378487
 12 -0.0874939 51.0204 825.8 1.21992 -0.106735
 For a new Track : 
 1 0 51.0204 887.4 0 0.204041
 2 0 82.6446 702.6 0 -0.161438
 3 0 82.6446 202.4 0 0.0195007
 4 0 82.6446 17.5996 0 0.0225525
 5 0 51.0204 -479.6 0 -0.000938416
 6 0 51.0204 -664.4 0 -0.0673523
 7 -0.0874939 82.6446 140.8 -0.153296 0.0134125
 8 0.0874939 82.6446 79.2002 0.234217 0.0204926
 9 -0.0874863 51.0204 -541.2 2.23197 -0.195267
 10 0.0874939 51.0204 764.2 -0.335194 -0.0293274
 11 0.0874863 156.25 -602.8 2.63068 0.230148
 12 -0.0874939 51.0204 825.8 -0.122079 0.0106812
 For a new Track : 
 1 0 51.0204 887.4 0 0.187042
 2 0 82.6446 702.6 0 -0.170029
 3 0 82.6446 202.4 0 0.0291443
 4 0 82.6446 17.5996 0 0.0372467
 5 0 51.0204 -479.6 0 0.0227966
 6 0 51.0204 -664.4 0 -0.0419388
 7 -0.0874939 82.6446 140.8 -0.28392 0.0248413
 8 0.0874939 82.6446 79.2002 0.384025 0.0335999
 9 -0.0874863 51.0204 -541.2 1.95308 -0.170868
 10 0.0874939 51.0204 764.2 -0.464074 -0.0406036
 11 0.0874863 156.25 -602.8 2.91593 0.255104
 12 -0.0874939 51.0204 825.8 0.0390652 -0.00341797
 For a new Track : 
 1 0 82.6446 -664.4 0 0.0635529
 2 0 51.0204 -479.6 0 -0.121567
 3 0 82.6446 17.5996 0 -0.0805359
 4 0 82.6446 202.4 0 0.100739
 5 0 51.0204 702.6 0 0.0437622
 6 0 82.6446 887.4 0 -0.0357361
 7 0.0874939 51.0204 -602.8 177.89 15.5643
 8 -0.0874939 82.6446 -541.2 185.404 -16.2217
 9 0.0874939 156.25 -602.8 185.06 16.1917
 10 0.0874939 51.0204 79.2002 201.458 17.6263
 11 -0.0874939 51.0204 140.8 203.929 -17.8426
 12 0.0874939 82.6446 764.2 220.303 19.2752
 13 -0.0874939 51.0204 825.8 222.882 -19.5009
 For a new Track : 
 1 0 82.6446 -664.4 0 0.0635071
 2 0 51.0204 -479.6 0 -0.121567
 3 0 82.6446 17.5996 0 -0.0804443
 4 0 82.6446 202.4 0 0.10083
 5 0 51.0204 702.6 0 0.0437622
 6 0 82.6446 887.4 0 -0.0357971
 7 0.0874939 51.0204 -602.8 177.889 15.5642
 8 -0.0874939 82.6446 -541.2 185.404 -16.2217
 9 0.0874939 156.25 -602.8 185.06 16.1916
 10 0.0874939 51.0204 79.2002 201.459 17.6264
 11 -0.0874939 51.0204 140.8 203.928 -17.8425
 12 0.0874939 82.6446 764.2 220.303 19.2752
 13 -0.0874939 51.0204 825.8 222.883 -19.5009
 For a new Track : 
 1 0 82.6446 -664.4 0 -5.91437
 2 0 51.0204 -479.6 0 -3.89221
 3 0 82.6446 17.5996 0 -0.25647
 4 0 82.6446 202.4 0 0.389771
 5 0 51.0204 702.6 0 -0.777222
 6 0 82.6446 887.4 0 -2.14178
 7 0.0874939 51.0204 -602.8 -64.7832 -5.66814
 8 -0.0874939 82.6446 -541.2 51.274 -4.48616
 9 0.0874939 156.25 -602.8 -57.6127 -5.04076
 10 0.0874939 51.0204 79.2002 -0.116498 -0.0101929
 11 -0.0874939 51.0204 140.8 -1.81549 0.158844
 12 0.0874939 82.6446 764.2 -13.9704 -1.22232
 13 -0.0874939 51.0204 825.8 19.1859 -1.67865
 For a new Track : 
 1 0 82.6446 -664.4 0 0.0700531
 2 0 51.0204 -479.6 0 -0.113007
 3 0 82.6446 17.5996 0 -0.0680847
 4 0 82.6446 202.4 0 0.114044
 5 0 51.0204 702.6 0 0.0575867
 6 0 82.6446 887.4 0 -0.0223083
 7 0.0874939 51.0204 -602.8 22.2832 1.94965
 8 -0.0874939 82.6446 -541.2 26.4998 -2.31857
 9 0.0874939 156.25 -602.8 29.4538 2.57703
 10 0.0874939 51.0204 79.2002 11.3216 0.99057
 11 -0.0874939 51.0204 140.8 10.3732 -0.907593
 12 0.0874939 82.6446 764.2 -4.56714 -0.399597
 13 -0.0874939 51.0204 825.8 -5.42483 0.47464
 For a new Track : 
 1 0 82.6446 -664.4 0 0.0634918
 2 0 51.0204 -479.6 0 -0.121582
 3 0 82.6446 17.5996 0 -0.0804749
 4 0 82.6446 202.4 0 0.10083
 5 0 51.0204 702.6 0 0.0437012
 6 0 82.6446 887.4 0 -0.0358276
 7 0.0874939 51.0204 -602.8 22.2 1.94237
 8 -0.0874939 82.6446 -541.2 26.5907 -2.32652
 9 0.0874939 156.25 -602.8 29.3706 2.56975
 10 0.0874939 51.0204 79.2002 11.1761 0.977844
 11 -0.0874939 51.0204 140.8 10.5218 -0.920593
 12 0.0874939 82.6446 764.2 -4.72445 -0.413361
 13 -0.0874939 51.0204 825.8 -5.26892 0.460999
 For a new Track : 
 1 0 82.6446 -664.4 0 -0.892258
 2 0 51.0204 -479.6 0 -0.694916
 3 0 82.6446 17.5996 0 0.00213623
 4 0 82.6446 202.4 0 0.288513
 5 0 51.0204 702.6 0 0.139221
 6 0 82.6446 887.4 0 -0.113647
 7 0.0874939 51.0204 -602.8 -14.877 -1.30165
 8 -0.0874939 82.6446 -541.2 8.24416 -0.721313
 9 0.0874939 156.25 -602.8 -7.70649 -0.674271
 10 0.0874939 51.0204 79.2002 0.916986 0.0802307
 11 -0.0874939 51.0204 140.8 -1.57168 0.137512
 12 0.0874939 82.6446 764.2 0.181374 0.0158691
 13 -0.0874939 51.0204 825.8 0.688873 -0.0602722
 For a new Track : 
 1 0 82.6446 -664.4 0 0.0722046
 2 0 51.0204 -479.6 0 -0.111191
 3 0 82.6446 17.5996 0 -0.0663147
 4 0 82.6446 202.4 0 0.115997
 5 0 51.0204 702.6 0 0.0610352
 6 0 82.6446 887.4 0 -0.0180969
 7 0.0874939 51.0204 -602.8 -0.969131 -0.0847931
 8 -0.0874939 82.6446 -541.2 4.40007 -0.384979
 9 0.0874939 156.25 -602.8 6.20143 0.542587
 10 0.0874939 51.0204 79.2002 1.32578 0.115997
 11 -0.0874939 51.0204 140.8 1.53296 -0.134125
 12 0.0874939 82.6446 764.2 -1.22393 -0.107086
 13 -0.0874939 51.0204 825.8 -0.97105 0.0849609
 For a new Track : 
 1 0 82.6446 -664.4 0 0.0635071
 2 0 51.0204 -479.6 0 -0.121582
 3 0 82.6446 17.5996 0 -0.0804138
 4 0 82.6446 202.4 0 0.1008
 5 0 51.0204 702.6 0 0.0437622
 6 0 82.6446 887.4 0 -0.0358276
 7 0.0874939 51.0204 -602.8 -1.07517 -0.0940704
 8 -0.0874939 82.6446 -541.2 4.51256 -0.394821
 9 0.0874939 156.25 -602.8 6.0954 0.53331
 10 0.0874939 51.0204 79.2002 1.16045 0.101532
 11 -0.0874939 51.0204 140.8 1.70248 -0.148956
 12 0.0874939 82.6446 764.2 -1.42309 -0.124512
 13 -0.0874939 51.0204 825.8 -0.770143 0.0673828
 For a new Track : 
 1 0 82.6446 -664.4 0 -0.0826111
 2 0 51.0204 -479.6 0 -0.204651
 3 0 82.6446 17.5996 0 -0.0543518
 4 0 82.6446 202.4 0 0.144928
 5 0 51.0204 702.6 0 0.0757141
 6 0 82.6446 887.4 0 -0.0308838
 7 0.0874939 51.0204 -602.8 -6.9135 -0.604889
 8 -0.0874939 82.6446 -541.2 1.51116 -0.132217
 9 0.0874939 156.25 -602.8 0.257063 0.0224915
 10 0.0874939 51.0204 79.2002 -0.128706 -0.011261
 11 -0.0874939 51.0204 140.8 -0.17091 0.0149536
 12 0.0874939 82.6446 764.2 -0.0505755 -0.00442505
 13 -0.0874939 51.0204 825.8 0.397279 -0.0347595
 For a new Track : 
 1 0 82.6446 -664.4 0 0.0720673
 2 0 51.0204 -479.6 0 -0.111252
 3 0 82.6446 17.5996 0 -0.0662537
 4 0 82.6446 202.4 0 0.116119
 5 0 51.0204 702.6 0 0.0611572
 6 0 82.6446 887.4 0 -0.0179443
 7 -0.0874939 82.6446 -541.2 0.861877 -0.0754089
 8 0.0874939 156.25 -602.8 2.45152 0.214493
 9 0.0874939 51.0204 79.2002 -0.103593 -0.00906372
 10 -0.0874939 51.0204 140.8 0.311824 -0.0272827
 11 0.0874939 82.6446 764.2 -0.323683 -0.0283203
 12 -0.0874939 51.0204 825.8 0.135333 -0.0118408
 For a new Track : 
 1 0 82.6446 -664.4 0 0.0635071
 2 0 51.0204 -479.6 0 -0.121567
 3 0 82.6446 17.5996 0 -0.0804138
 4 0 82.6446 202.4 0 0.10083
 5 0 51.0204 702.6 0 0.0437622
 6 0 82.6446 887.4 0 -0.0357971
 7 -0.0874939 82.6446 -541.2 0.973317 -0.0851593
 8 0.0874939 156.25 -602.8 2.3467 0.205322
 9 0.0874939 51.0204 79.2002 -0.269969 -0.0236206
 10 -0.0874939 51.0204 140.8 0.482735 -0.0422363
 11 0.0874939 82.6446 764.2 -0.524241 -0.0458679
 12 -0.0874939 51.0204 825.8 0.337635 -0.029541
 For a new Track : 
 1 0 51.0204 887.4 0 0.0564728
 2 0 51.0204 702.6 0 -0.0919189
 3 0 51.0204 202.4 0 0.0610809
 4 0 82.6446 17.5996 0 -0.013504
 5 0 51.0204 -664.4 0 -0.00375366
 6 -0.0874939 51.0204 140.8 85.9465 -7.51979
 7 0.0874939 82.6446 79.2002 87.162 7.62614
 8 -0.0874901 51.0204 825.8 96.6564 -8.45648
 9 0.0874863 51.0204 764.2 104.169 9.11333
 10 -0.0874939 82.6446 -541.2 89.8469 -7.86105
 For a new Track : 
 1 0 51.0204 887.4 0 0.0565186
 2 0 51.0204 702.6 0 -0.0919037
 3 0 51.0204 202.4 0 0.0610352
 4 0 82.6446 17.5996 0 -0.0135498
 5 0 51.0204 -664.4 0 -0.00369263
 6 -0.0874939 51.0204 140.8 85.947 -7.51984
 7 0.0874939 82.6446 79.2002 87.1615 7.6261
 8 -0.0874901 51.0204 825.8 96.6562 -8.45646
 9 0.0874863 51.0204 764.2 104.169 9.11336
 10 -0.0874939 82.6446 -541.2 89.8465 -7.86102
 For a new Track : 
 1 0 51.0204 887.4 0 0.594872
 2 0 51.0204 702.6 0 -0.566162
 3 0 51.0204 202.4 0 -1.0462
 4 0 82.6446 17.5996 0 -0.575989
 5 0 51.0204 -664.4 0 5.08151
 6 -0.0874939 51.0204 140.8 5.29735 -0.463486
 7 0.0874939 82.6446 79.2002 -13.1172 -1.14767
 8 -0.0874901 51.0204 825.8 -2.65729 0.232487
 9 0.0874863 51.0204 764.2 5.0368 0.440651
 10 -0.0874939 82.6446 -541.2 -37.7759 3.30516
 For a new Track : 
 1 0 51.0204 887.4 0 -0.143509
 2 0 51.0204 702.6 0 -0.23983
 3 0 51.0204 202.4 0 0.0528259
 4 0 82.6446 17.5996 0 0.0294342
 5 0 51.0204 -664.4 0 0.226074
 6 -0.0874939 51.0204 140.8 6.54081 -0.572281
 7 0.0874939 82.6446 79.2002 10.4133 0.911102
 8 -0.0874901 51.0204 825.8 -5.68031 0.496971
 9 0.0874863 51.0204 764.2 0.108921 0.00952911
 10 -0.0874939 82.6446 -541.2 33.3052 -2.914
 For a new Track : 
 1 0 51.0204 887.4 0 0.0563889
 2 0 51.0204 702.6 0 -0.0920029
 3 0 51.0204 202.4 0 0.0609283
 4 0 82.6446 17.5996 0 -0.0136261
 5 0 51.0204 -664.4 0 -0.0037384
 6 -0.0874939 51.0204 140.8 6.64336 -0.581253
 7 0.0874939 82.6446 79.2002 10.1158 0.885071
 8 -0.0874901 51.0204 825.8 -7.76647 0.679489
 9 0.0874863 51.0204 764.2 1.99669 0.174683
 10 -0.0874939 82.6446 -541.2 35.549 -3.11032
 For a new Track : 
 1 0 51.0204 887.4 0 -0.134575
 2 0 51.0204 702.6 0 -0.407928
 3 0 51.0204 202.4 0 -0.0828094
 4 0 82.6446 17.5996 0 0.0946655
 5 0 51.0204 -664.4 0 1.91565
 6 -0.0874939 51.0204 140.8 -5.01587 0.438858
 7 0.0874939 82.6446 79.2002 -3.94646 -0.345291
 8 -0.0874901 51.0204 825.8 1.87949 -0.164436
 9 0.0874863 51.0204 764.2 3.85384 0.337158
 10 -0.0874939 82.6446 -541.2 -13.1939 1.15439
 For a new Track : 
 1 0 51.0204 887.4 0 -0.143661
 2 0 51.0204 702.6 0 -0.240639
 3 0 51.0204 202.4 0 0.0501404
 4 0 82.6446 17.5996 0 0.0258179
 5 0 51.0204 -664.4 0 0.219086
 6 -0.0874939 51.0204 140.8 -1.36031 0.119019
 7 0.0874939 82.6446 79.2002 1.42919 0.125046
 8 -0.0874901 51.0204 825.8 -2.38461 0.20863
 9 0.0874863 51.0204 764.2 2.38711 0.208839
 10 -0.0874939 82.6446 -541.2 14.2609 -1.24774
 For a new Track : 
 1 0 51.0204 887.4 0 0.0564117
 2 0 51.0204 702.6 0 -0.0920029
 3 0 51.0204 202.4 0 0.0610046
 4 0 82.6446 17.5996 0 -0.0136719
 5 0 51.0204 -664.4 0 -0.00375366
 6 -0.0874939 51.0204 140.8 -1.29229 0.113068
 7 0.0874939 82.6446 79.2002 1.16934 0.10231
 8 -0.0874901 51.0204 825.8 -4.47504 0.391521
 9 0.0874863 51.0204 764.2 4.28168 0.374588
 10 -0.0874939 82.6446 -541.2 16.4327 -1.43776
 For a new Track : 
 1 0 51.0204 887.4 0 -0.14415
 2 0 51.0204 702.6 0 -0.307472
 3 0 51.0204 202.4 0 0.00184631
 4 0 82.6446 17.5996 0 0.0576019
 5 0 51.0204 -664.4 0 0.888306
 6 -0.0874939 51.0204 140.8 -5.59592 0.489609
 7 0.0874939 82.6446 79.2002 -3.82403 -0.334579
 8 -0.0874901 51.0204 825.8 1.4964 -0.13092
 9 0.0874863 51.0204 764.2 4.66792 0.408379
 10 -0.0874939 82.6446 -541.2 -4.2166 0.368927
 For a new Track : 
 1 0 51.0204 887.4 0 0.147461
 2 0 51.0204 702.6 0 -0.202454
 3 0 51.0204 202.4 0 -0.0886841
 4 0 51.0204 17.5996 0 0.197998
 5 0 51.0204 -479.6 0 -0.0539246
 6 0.0874939 82.6446 -602.8 288.511 25.2429
 7 -0.0874634 51.0204 140.8 330.052 -28.8674
 8 -0.0874939 156.25 -541.2 307.791 -26.9298
 9 0.0874634 51.0204 79.2002 332.697 29.0988
 10 0.0874634 51.0204 764.2 360.887 31.5644
 For a new Track : 
 1 0 51.0204 887.4 0 0.147217
 2 0 51.0204 702.6 0 -0.202515
 3 0 51.0204 202.4 0 -0.088623
 4 0 51.0204 17.5996 0 0.197998
 5 0 51.0204 -479.6 0 -0.0542603
 6 0.0874939 82.6446 -602.8 288.506 25.2425
 7 -0.0874634 51.0204 140.8 330.052 -28.8674
 8 -0.0874939 156.25 -541.2 307.795 -26.9302
 9 0.0874634 51.0204 79.2002 332.697 29.0988
 10 0.0874634 51.0204 764.2 360.886 31.5643
 For a new Track : 
 1 0 51.0204 887.4 0 -12.4165
 2 0 51.0204 702.6 0 -8.75085
 3 0 51.0204 202.4 0 -0.222473
 4 0 51.0204 17.5996 0 2.2663
 5 0 51.0204 -479.6 0 5.51025
 6 0.0874939 82.6446 -602.8 56.7178 4.96246
 7 -0.0874634 51.0204 140.8 -10.4459 0.913635
 8 -0.0874939 156.25 -541.2 -59.7747 5.22992
 9 0.0874634 51.0204 79.2002 18.3664 1.60638
 10 0.0874634 51.0204 764.2 -112.948 -9.87878
 For a new Track : 
 1 0 51.0204 887.4 0 0.31543
 2 0 51.0204 702.6 0 -0.212402
 3 0 51.0204 202.4 0 -0.240112
 4 0 51.0204 17.5996 0 0.120056
 5 0 51.0204 -479.6 0 0.402466
 6 0.0874939 82.6446 -602.8 3.67283 0.32135
 7 -0.0874634 51.0204 140.8 41.3782 -3.61908
 8 -0.0874939 156.25 -541.2 9.18382 -0.803528
 9 0.0874634 51.0204 79.2002 41.0328 3.58887
 10 0.0874634 51.0204 764.2 73.1005 6.39362
 For a new Track : 
 1 0 51.0204 887.4 0 0.148438
 2 0 51.0204 702.6 0 -0.20166
 3 0 51.0204 202.4 0 -0.0888672
 4 0 51.0204 17.5996 0 0.197388
 5 0 51.0204 -479.6 0 -0.0558472
 6 0.0874939 82.6446 -602.8 -3.95082 -0.345673
 7 -0.0874634 51.0204 140.8 39.8444 -3.48492
 8 -0.0874939 156.25 -541.2 15.5717 -1.36243
 9 0.0874634 51.0204 79.2002 42.2847 3.69836
 10 0.0874634 51.0204 764.2 72.6322 6.35266
 For a new Track : 
 1 0 51.0204 887.4 0 -2.15344
 2 0 51.0204 702.6 0 -1.93237
 3 0 51.0204 202.4 0 -0.524536
 4 0 51.0204 17.5996 0 0.147339
 5 0 51.0204 -479.6 0 0.683105
 6 0.0874939 82.6446 -602.8 -0.523544 -0.0458069
 7 -0.0874634 51.0204 140.8 0.540823 -0.0473022
 8 -0.0874939 156.25 -541.2 -3.30694 0.289337
 9 0.0874634 51.0204 79.2002 0.55478 0.0485229
 10 0.0874634 51.0204 764.2 -22.307 -1.95105
 For a new Track : 
 1 0 51.0204 887.4 0 0.270386
 2 0 51.0204 702.6 0 -0.252075
 3 0 51.0204 202.4 0 -0.265747
 4 0 51.0204 17.5996 0 0.0992432
 5 0 51.0204 -479.6 0 0.394104
 6 0.0874939 82.6446 -602.8 -2.80014 -0.244995
 7 -0.0874634 51.0204 140.8 6.72575 -0.588257
 8 -0.0874939 156.25 -541.2 0.492152 -0.0430603
 9 0.0874634 51.0204 79.2002 8.21424 0.718445
 10 0.0874634 51.0204 764.2 13.7976 1.20679
 For a new Track : 
 1 0 51.0204 887.4 0 0.148682
 2 0 51.0204 702.6 0 -0.201538
 3 0 51.0204 202.4 0 -0.0889282
 4 0 51.0204 17.5996 0 0.197266
 5 0 51.0204 -479.6 0 -0.0559692
 6 0.0874939 82.6446 -602.8 -10.3627 -0.906677
 7 -0.0874634 51.0204 140.8 4.91835 -0.430176
 8 -0.0874939 156.25 -541.2 6.80258 -0.595184
 9 0.0874634 51.0204 79.2002 9.72226 0.850342
 10 0.0874634 51.0204 764.2 13.8046 1.2074
 For a new Track : 
 1 0 51.0204 887.4 0 -0.207886
 2 0 51.0204 702.6 0 -0.586426
 3 0 51.0204 202.4 0 -0.32605
 4 0 51.0204 17.5996 0 0.0974121
 5 0 51.0204 -479.6 0 0.435211
 6 0.0874939 82.6446 -602.8 -2.74817 -0.240448
 7 -0.0874634 51.0204 140.8 -0.695045 0.060791
 8 -0.0874939 156.25 -541.2 -0.779909 0.0682373
 9 0.0874634 51.0204 79.2002 0.772505 0.0675659
 10 0.0874634 51.0204 764.2 -4.78576 -0.418579
 For a new Track : 
 1 0 51.0204 887.4 0 0.147461
 2 0 51.0204 702.6 0 -0.202454
 3 0 51.0204 202.4 0 -0.0886841
 4 0 51.0204 17.5996 0 0.197998
 5 0 51.0204 -479.6 0 -0.0539246
 6 -0.0874634 51.0204 140.8 330.052 -28.8674
 7 -0.0874939 156.25 -541.2 307.791 -26.9298
 8 0.0874634 51.0204 79.2002 332.697 29.0988
 9 0.0874634 51.0204 764.2 360.887 31.5644
 10 -0.0874634 51.0204 825.8 366.64 -32.0676
 For a new Track : 
 1 0 51.0204 887.4 0 0.147217
 2 0 51.0204 702.6 0 -0.202515
 3 0 51.0204 202.4 0 -0.088623
 4 0 51.0204 17.5996 0 0.197998
 5 0 51.0204 -479.6 0 -0.0542603
 6 -0.0874634 51.0204 140.8 330.052 -28.8674
 7 -0.0874939 156.25 -541.2 307.795 -26.9302
 8 0.0874634 51.0204 79.2002 332.697 29.0988
 9 0.0874634 51.0204 764.2 360.886 31.5643
 10 -0.0874634 51.0204 825.8 366.641 -32.0677
 For a new Track : 
 1 0 51.0204 887.4 0 3.74139
 2 0 51.0204 702.6 0 -1.41846
 3 0 51.0204 202.4 0 -3.72479
 4 0 51.0204 17.5996 0 -0.415833
 5 0 51.0204 -479.6 0 17.953
 6 -0.0874634 51.0204 140.8 27.4676 -2.4024
 7 -0.0874939 156.25 -541.2 -243.424 21.2981
 8 0.0874634 51.0204 79.2002 -21.2868 -1.86182
 9 0.0874634 51.0204 764.2 1.39637 0.122131
 10 -0.0874634 51.0204 825.8 -17.2303 1.50702
 For a new Track : 
 1 0 51.0204 887.4 0 0.248169
 2 0 51.0204 702.6 0 -0.18103
 3 0 51.0204 202.4 0 -0.140076
 4 0 51.0204 17.5996 0 0.17157
 5 0 51.0204 -479.6 0 0.127014
 6 -0.0874634 51.0204 140.8 80.0663 -7.00287
 7 -0.0874939 156.25 -541.2 210.6 -18.4262
 8 0.0874634 51.0204 79.2002 95.8241 8.3811
 9 0.0874634 51.0204 764.2 -31.5373 -2.75836
 10 -0.0874634 51.0204 825.8 -41.1842 3.60211
 For a new Track : 
 1 0 51.0204 887.4 0 0.148193
 2 0 51.0204 702.6 0 -0.202087
 3 0 51.0204 202.4 0 -0.088501
 4 0 51.0204 17.5996 0 0.197815
 5 0 51.0204 -479.6 0 -0.0545044
 6 -0.0874634 51.0204 140.8 79.538 -6.95667
 7 -0.0874939 156.25 -541.2 213.13 -18.6476
 8 0.0874634 51.0204 79.2002 96.2561 8.41888
 9 0.0874634 51.0204 764.2 -32.044 -2.80267
 10 -0.0874634 51.0204 825.8 -40.3768 3.53149
 For a new Track : 
 1 0 51.0204 887.4 0 1.28674
 2 0 51.0204 702.6 0 -1.50659
 3 0 51.0204 202.4 0 -1.76544
 4 0 51.0204 17.5996 0 0.689026
 5 0 51.0204 -479.6 0 12.4457
 6 -0.0874634 51.0204 140.8 7.07537 -0.618835
 7 -0.0874939 156.25 -541.2 -166.193 14.5409
 8 0.0874634 51.0204 79.2002 -4.43126 -0.387573
 9 0.0874634 51.0204 764.2 -7.72645 -0.675781
 10 -0.0874634 51.0204 825.8 0.505932 -0.0442505
 For a new Track : 
 1 0 51.0204 887.4 0 0.243286
 2 0 51.0204 702.6 0 -0.189026
 3 0 51.0204 202.4 0 -0.160583
 4 0 51.0204 17.5996 0 0.145264
 5 0 51.0204 -479.6 0 0.0809937
 6 -0.0874634 51.0204 140.8 52.8597 -4.62329
 7 -0.0874939 156.25 -541.2 144.168 -12.6139
 8 0.0874634 51.0204 79.2002 64.508 5.64209
 9 0.0874634 51.0204 764.2 -22.9358 -2.00604
 10 -0.0874634 51.0204 825.8 -28.8639 2.52454
 For a new Track : 
 1 0 51.0204 887.4 0 0.148132
 2 0 51.0204 702.6 0 -0.202026
 3 0 51.0204 202.4 0 -0.088623
 4 0 51.0204 17.5996 0 0.197815
 5 0 51.0204 -479.6 0 -0.0545654
 6 -0.0874634 51.0204 140.8 52.0754 -4.55469
 7 -0.0874939 156.25 -541.2 146.142 -12.7865
 8 0.0874634 51.0204 79.2002 65.2184 5.70422
 9 0.0874634 51.0204 764.2 -23.3629 -2.0434
 10 -0.0874634 51.0204 825.8 -28.1235 2.45978
 For a new Track : 
 1 0 51.0204 887.4 0 0.957458
 2 0 51.0204 702.6 0 -1.09192
 3 0 51.0204 202.4 0 -1.26801
 4 0 51.0204 17.5996 0 0.503662
 5 0 51.0204 -479.6 0 8.51266
 6 -0.0874634 51.0204 140.8 3.53664 -0.309326
 7 -0.0874939 156.25 -541.2 -113.739 9.95145
 8 0.0874634 51.0204 79.2002 -3.42917 -0.299927
 9 0.0874634 51.0204 764.2 -5.24355 -0.458618
 10 -0.0874634 51.0204 825.8 1.03978 -0.0909424
 For a new Track : 
 1 0 51.0204 702.6 0 0.0437927
 2 0 51.0204 202.4 0 -0.121399
 3 0 82.6446 17.5996 0 0.00175476
 4 0 82.6446 -479.6 0 0.144882
 5 0 82.6446 -664.4 0 -0.0987701
 6 -0.0874939 82.6446 -541.2 71.0092 -6.21288
 7 0.0874939 51.0204 -602.8 75.3668 6.59413
 8 -0.0874901 51.0204 825.8 92.023 -8.0511
 9 0.0874939 82.6446 79.2002 86.3671 7.55659
 10 -0.0874939 51.0204 140.8 87.4948 -7.65526
 11 0.0874939 156.25 -602.8 82.5373 7.22151
 For a new Track : 
 1 0 51.0204 702.6 0 0.0437927
 2 0 51.0204 202.4 0 -0.121368
 3 0 82.6446 17.5996 0 0.00178528
 4 0 82.6446 -479.6 0 0.144897
 5 0 82.6446 -664.4 0 -0.0987854
 6 -0.0874939 82.6446 -541.2 71.0091 -6.21286
 7 0.0874939 51.0204 -602.8 75.3668 6.59413
 8 -0.0874901 51.0204 825.8 92.0232 -8.05111
 9 0.0874939 82.6446 79.2002 86.3675 7.55663
 10 -0.0874939 51.0204 140.8 87.4944 -7.65523
 11 0.0874939 156.25 -602.8 82.5373 7.22151
 For a new Track : 
 1 0 51.0204 702.6 0 3.72582
 2 0 51.0204 202.4 0 -0.179977
 3 0 82.6446 17.5996 0 -0.993515
 4 0 82.6446 -479.6 0 -2.17758
 5 0 82.6446 -664.4 0 -2.47113
 6 -0.0874939 82.6446 -541.2 19.2229 -1.68188
 7 0.0874939 51.0204 -602.8 -30.0455 -2.6288
 8 -0.0874901 51.0204 825.8 -56.7772 4.96744
 9 0.0874939 82.6446 79.2002 -7.04517 -0.616409
 10 -0.0874939 51.0204 140.8 6.09627 -0.533386
 11 0.0874939 156.25 -602.8 -22.875 -2.00142
 For a new Track : 
 1 0 51.0204 702.6 0 0.0383301
 2 0 51.0204 202.4 0 -0.120483
 3 0 82.6446 17.5996 0 -0.0233154
 4 0 82.6446 -479.6 0 -0.0260315
 5 0 82.6446 -664.4 0 -0.352127
 6 -0.0874939 82.6446 -541.2 3.57586 -0.312866
 7 0.0874939 51.0204 -602.8 2.75619 0.24115
 8 -0.0874901 51.0204 825.8 30.7524 -2.69053
 9 0.0874939 82.6446 79.2002 20.2114 1.76837
 10 -0.0874939 51.0204 140.8 21.9416 -1.91975
 11 0.0874939 156.25 -602.8 9.92675 0.86853
 For a new Track : 
 1 0 51.0204 702.6 0 0.0437469
 2 0 51.0204 202.4 0 -0.121353
 3 0 82.6446 17.5996 0 0.00183105
 4 0 82.6446 -479.6 0 0.144989
 5 0 82.6446 -664.4 0 -0.0986633
 6 -0.0874939 82.6446 -541.2 1.32665 -0.116074
 7 0.0874939 51.0204 -602.8 5.31967 0.465439
 8 -0.0874901 51.0204 825.8 30.4762 -2.66636
 9 0.0874939 82.6446 79.2002 20.3802 1.78314
 10 -0.0874939 51.0204 140.8 21.8718 -1.91365
 11 0.0874939 156.25 -602.8 12.4902 1.09282
 For a new Track : 
 1 0 51.0204 702.6 0 1.29411
 2 0 51.0204 202.4 0 -0.171875
 3 0 82.6446 17.5996 0 -0.321716
 4 0 82.6446 -479.6 0 -0.356903
 5 0 82.6446 -664.4 0 -0.460114
 6 -0.0874939 82.6446 -541.2 -2.47733 0.216751
 7 0.0874939 51.0204 -602.8 -7.62661 -0.667282
 8 -0.0874901 51.0204 825.8 -20.4666 1.79063
 9 0.0874939 82.6446 79.2002 -1.73491 -0.151794
 10 -0.0874939 51.0204 140.8 3.31025 -0.289627
 11 0.0874939 156.25 -602.8 -0.456052 -0.0399017
 For a new Track : 
 1 0 51.0204 702.6 0 0.0273972
 2 0 51.0204 202.4 0 -0.128174
 3 0 82.6446 17.5996 0 -0.0299988
 4 0 82.6446 -479.6 0 -0.0299377
 5 0 82.6446 -664.4 0 -0.355103
 6 -0.0874939 82.6446 -541.2 -4.38769 0.383896
 7 0.0874939 51.0204 -602.8 -4.76683 -0.417068
 8 -0.0874901 51.0204 825.8 11.3781 -0.995472
 9 0.0874939 82.6446 79.2002 6.90548 0.604187
 10 -0.0874939 51.0204 140.8 8.28287 -0.724701
 11 0.0874939 156.25 -602.8 2.40373 0.210312
 For a new Track : 
 1 0 51.0204 702.6 0 0.0437469
 2 0 51.0204 202.4 0 -0.121307
 3 0 82.6446 17.5996 0 0.00180054
 4 0 82.6446 -479.6 0 0.14502
 5 0 82.6446 -664.4 0 -0.0986481
 6 -0.0874939 82.6446 -541.2 -6.67824 0.584305
 7 0.0874939 51.0204 -602.8 -2.16568 -0.189484
 8 -0.0874901 51.0204 825.8 10.9676 -0.959553
 9 0.0874939 82.6446 79.2002 7.15434 0.625961
 10 -0.0874939 51.0204 140.8 8.12888 -0.711227
 11 0.0874939 156.25 -602.8 5.00488 0.437897
 For a new Track : 
 1 0 51.0204 702.6 0 0.509125
 2 0 51.0204 202.4 0 -0.150345
 3 0 82.6446 17.5996 0 -0.138138
 4 0 82.6446 -479.6 0 -0.10144
 5 0 82.6446 -664.4 0 -0.313232
 6 -0.0874939 82.6446 -541.2 -5.0797 0.444443
 7 0.0874939 51.0204 -602.8 -5.44402 -0.476318
 8 -0.0874901 51.0204 825.8 -8.28402 0.72477
 9 0.0874939 82.6446 79.2002 -0.16376 -0.014328
 10 -0.0874939 51.0204 140.8 2.35071 -0.205673
 11 0.0874939 156.25 -602.8 1.72654 0.151062
 For a new Track : 
 1 0 51.0204 702.6 0 0.0231476
 2 0 51.0204 202.4 0 -0.130508
 3 0 82.6446 17.5996 0 -0.0316315
 4 0 82.6446 -479.6 0 -0.0300293
 5 0 82.6446 -664.4 0 -0.354614
 6 0.0874939 51.0204 -602.8 -4.78671 -0.418808
 7 -0.0874901 51.0204 825.8 3.70124 -0.323822
 8 0.0874939 82.6446 79.2002 3.18085 0.278305
 9 -0.0874939 51.0204 140.8 4.27276 -0.37384
 10 0.0874939 156.25 -602.8 2.38385 0.208572
 For a new Track : 
 1 0 51.0204 702.6 0 0.0437469
 2 0 51.0204 202.4 0 -0.121323
 3 0 82.6446 17.5996 0 0.0018158
 4 0 82.6446 -479.6 0 0.144989
 5 0 82.6446 -664.4 0 -0.0986328
 6 0.0874939 51.0204 -602.8 -2.18887 -0.191513
 7 -0.0874901 51.0204 825.8 3.23619 -0.283134
 8 0.0874939 82.6446 79.2002 3.45134 0.301971
 9 -0.0874939 51.0204 140.8 4.09487 -0.358276
 10 0.0874939 156.25 -602.8 4.98169 0.435867
 For a new Track : 
 1 0 51.0204 702.6 0 0.184921
 2 0 51.0204 202.4 0 -0.126099
 3 0 82.6446 17.5996 0 -0.0476837
 4 0 82.6446 -479.6 0 -0.000152588
 5 0 82.6446 -664.4 0 -0.270172
 6 0.0874939 51.0204 -602.8 -7.35072 -0.643143
 7 -0.0874901 51.0204 825.8 -2.43636 0.213158
 8 0.0874939 82.6446 79.2002 -0.383328 -0.0335388
 9 -0.0874939 51.0204 140.8 0.877921 -0.0768127
 10 0.0874939 156.25 -602.8 -0.180153 -0.0157623
 For a new Track : 
 1 0 51.0204 702.6 0 0.0437927
 2 0 51.0204 202.4 0 -0.121399
 3 0 82.6446 17.5996 0 0.00175476
 4 0 82.6446 -479.6 0 0.144882
 5 0 82.6446 -664.4 0 -0.0987701
 6 0.0874939 51.0204 -602.8 75.3668 6.59413
 7 -0.0874901 51.0204 825.8 92.023 -8.0511
 8 0.0874939 82.6446 79.2002 86.3671 7.55659
 9 -0.0874939 51.0204 140.8 87.4948 -7.65526
 10 0.0874939 156.25 -602.8 82.5373 7.22151
 11 0.0874863 51.0204 764.2 107.153 9.37444
 
